main:
10001100000000000000000000000000
10001100001000010000000000000000
10001100010000100000000000000000
10001100011000110000000000000000
10001100100001000000000000000000
10001100101001010000000000000000
10001100110001100000000000000000
10001100111001110000000000000000
10001101000010000000000000000000

10001101001010010000000000000000
10001101010010100000000000000000
10001101011010110000000000000000
10001101100011000000000000000000
10001101101011010000000000000000
10001101110011100000000000000000
10001101111011110000000000000000
10001110000100000000000000000000
10001110001100010000000000000000

//C00
00000000000010011111100000100001
00000000001011001111000000100001
00000000010011111110100000100001
00000011111111101110000000100000
00000011100111011101100000100000
10001111011100100000000000000000

//C01
00000000000010101111100000100001
00000000001011011111000000100001
00000000010100001110100000100001
00000011111111101110000000100000
00000011100111011101000000100000
10001111011100110000000000000000

//C02
00000000000010111111100000100001
00000000001011101111000000100001
00000000010100011110100000100001
00000011111111101110000000100000
00000011100111011101000000100000
10001111011101000000000000000000

//C10
00000000011010011111100000100001
00000000100011001111000000100001
00000000101011111110100000100001
00000011111111101110000000100000
00000011100111011101000000100000
10001111011101010000000000000000

//C11
00000000011010101111100000100001
00000000100011011111000000100001
00000000101100001110100000100001
00000011111111101110000000100000
00000011100111011101000000100000
10001111011101100000000000000000

//C12
00000000011010111111100000100001
00000000100011101111000000100001
00000000101100011110100000100001
00000011111111101110000000100000
00000011100111011101000000100000
10001111011101110000000000000000

//C20
00000000110010011111100000100001
00000000111011001111000000100001
00000001000011111110100000100001
00000011111111101110000000100000
00000011100111011101000000100000
10001111011110000000000000000000

//C21
00000000110010111111100000100001
00000000111011101111000000100001
00000001000100011110100000100001
00000011111111101110000000100000
00000011100111011101000000100000
10001111011110010000000000000000

//C22
00000000110010011111100000100001
00000000111011001111000000100001
00000001000011111110100000100001
00000011111111101110000000100000
00000011100111011101000000100000
10001111011110100000000000000000
