main:
10001100000000000000000000000000
10001100001000010000000000000000
10001100010000100000000000000000
10001100011000110000000000000000

10001100000000000000000000000000
10001100001000010000000000000000
10001100010000100000000000000000
10001100011000110000000000000000

//C00
00000000001001011111100000100001
00000000010001111111000000100001
00000011111111101110000000100000
10101111100010010000000000000000

//C01
00000000001001101111100000100001
00000000010010001111000000100001
00000011111111101110000000100000
10101111100010100000000000000000

//C10
00000000000001011111100000100001
00000000001001111111000000100001
00000011111111101110000000100000
10101111100010110000000000000000

//C11
00000000000001101111100000100001
00000000001010001111000000100001
00000011111111101110000000100000
10101111100011000000000000000000
